Team,,Record,,&Delta;,Rat,,Pwr,,Off,,Def,,HFA,SoS,,SSF,,EW,EL
Stanford,Pac 12,25-2,0.9259999999999999,,1,9.569999999999999,1,77.35,4,104.03999999999999,2,38.199999999999996,2.7,11,55.18,13,54.400000000000006,1,0
Connecticut,Big East,24-1,0.96,,2,9.55,2,76.93,6,103.42999999999999,1,38.4,2.6899999999999995,65,48.87,69,48.34,0.9999999999999996,0
Baylor,Big 12,25-2,0.926,,3,9.02,3,73.50999999999999,7,102.25,3,36.160000000000004,2.87,66,48.809999999999995,68,48.46,1,0
Maryland,Big 10,24-2,0.923,,4,8.92,4,71.58,1,111.16,60,25.310000000000002,2.8999999999999995,36,51.85,46,51.28,0.9899999999999998,0.009999999999999787
South Carolina,Southeastern,22-4,0.8459999999999999,,5,8.790000000000001,5,70.7,8,101.22999999999999,6,34.36,2.7699999999999996,9,55.48,9,54.81,0.9900000000000002,0.009999999999999787
UCLA,Pac 12,16-5,0.7619999999999999,+1,6,8.510000000000002,7,66.60000000000001,16,98.73,9,32.76,2.7799999999999994,6,56.03,8,55.440000000000005,0.9800000000000004,0.019999999999999574
NC State,Atlantic Coast,20-2,0.909,-1,7,8.45,9,64.67,14,98.86,15,30.7,2.83,51,50.879999999999995,55,50.33,0.98,0.020000000000000018
Oregon,Pac 12,13-8,0.619,,8,8.34,6,68.38,9,100.97,10,32.3,2.6100000000000003,8,55.760000000000005,7,55.74,0.8399999999999999,0.15999999999999837
Louisville,Atlantic Coast,23-3,0.885,+1,9,8.21,8,64.95,12,99.72,20,30.130000000000003,2.6399999999999997,57,49.84,58,49.5,0.97,0.03000000000000025
Texas A&M,Southeastern,23-2,0.9199999999999999,-1,10,8.19,13,62,25,96.84,21,30.05,2.7699999999999987,61,49.12,65,48.91,0.8800000000000008,0.1200000000000001
Arizona,Pac 12,16-5,0.762,,11,8.15,11,63.16,49,93.16000000000001,4,34.89,2.8000000000000007,10,55.45,12,54.69,0.9899999999999998,0.010000000000000009
Indiana,Big 10,18-5,0.7829999999999999,,12,8.09,10,64.54,17,98.17999999999999,14,31.259999999999998,2.670000000000001,39,51.79,44,51.45,0.9500000000000002,0.04999999999999982
Rutgers,Big 10,14-4,0.7779999999999999,+1,13,7.92,12,62.99,39,94.88000000000001,8,33,2.9099999999999993,75,46.75,76,47.089999999999996,0.8000000000000007,0.2
Tennessee,Southeastern,16-7,0.6960000000000001,+1,14,7.82,14,60.629999999999995,24,96.9,26,28.619999999999997,2.789999999999999,31,52.14,37,51.83,0.870000000000001,0.1299999999999999
Georgia,Southeastern,20-6,0.7690000000000001,-2,15,7.82,15,60.620000000000005,37,95.01,17,30.51,2.62,47,51.39,50,51.04,0.9500000000000001,0.04999999999999982
Oregon St,Pac 12,11-7,0.6109999999999999,+2,16,7.79,18,60.39,13,98.98,45,26.3,2.5500000000000007,4,56.940000000000005,4,56.83,0.6600000000000001,0.33999999999999986
Michigan,Big 10,14-5,0.7370000000000001,,17,7.76,17,60.44,23,97.07000000000001,30,28.27,2.75,30,52.27,29,52.33,0.6900000000000013,0.31000000000000005
Arkansas,Southeastern,19-8,0.7040000000000001,-2,18,7.7,20,59.629999999999995,3,105.36999999999999,175,19.15,2.8299999999999996,43,51.54,45,51.33,0.8300000000000001,0.16999999999999993
Ohio St,Big 10,13-7,0.6499999999999999,+2,19,7.66,16,60.480000000000004,10,100.67,66,24.71,2.84,34,52.010000000000005,32,52.01,0,-2.220446049250313e-16
Iowa,Big 10,18-9,0.6669999999999999,+2,20,7.65,19,59.71,2,108.48,254,16.12,2.6099999999999994,14,54.410000000000004,14,54.169999999999995,0.7599999999999998,0.2400000000000002
West Virginia,Big 12,21-6,0.7779999999999999,-2,21,7.619999999999999,26,57.86,38,95,34,27.75,2.75,19,53.44,23,53.03,0.870000000000001,0.129999999999999
Gonzaga,West Coast,23-3,0.885,+4,22,7.58,21,59.6,60,92.64,12,31.849999999999998,2.7699999999999996,90,44.46,91,44.55,0.8599999999999994,0.13999999999999968
Kentucky,Southeastern,17-8,0.6799999999999999,,23,7.550000000000001,24,58.669999999999995,28,96.31,37,27.259999999999998,2.92,29,52.43,30,52.230000000000004,0.8200000000000001,0.18000000000000016
Missouri St,Missouri Val,21-2,0.913,-4,24,7.5200000000000005,31,56.85,55,92.76,25,28.989999999999995,2.62,88,44.790000000000006,89,44.81,0.839999999999999,0.16000000000000014
Northwestern,Big 10,15-8,0.6519999999999999,+2,25,7.49,25,58.300000000000004,74,91.2,11,31.990000000000002,2.59,28,52.489999999999995,28,52.519999999999996,0.7000000000000002,0.2999999999999998
Iowa St,Big 12,16-10,0.615,-2,26,7.49,22,59.31999999999999,11,100.46,84,23.749999999999996,2.75,16,53.86,16,53.949999999999996,0.5800000000000001,0.4200000000000008
Oklahoma St,Big 12,18-8,0.6920000000000001,-2,27,7.470000000000001,23,58.92,47,93.49,19,30.32,2.7300000000000004,50,51,49,51.089999999999996,0.6699999999999999,0.33000000000000007
Texas,Big 12,18-9,0.667,,28,7.41,27,57.82,63,92.23,18,30.479999999999997,2.81,32,52.09,33,51.93,0.7899999999999996,0.20999999999999908
Georgia Tech,Atlantic Coast,15-8,0.652,,29,7.359999999999999,30,57.31999999999999,80,90.58999999999999,13,31.63,2.5999999999999996,23,52.99,22,53.040000000000006,0.61,0.39000000000000057
Marquette,Big East,19-6,0.7600000000000001,+2,30,7.34,28,57.46,45,93.88,27,28.47,2.6899999999999995,60,49.33,57,49.64,0.5,0.5
Washington St,Pac 12,12-11,0.522,+2,31,7.320000000000002,33,56.31,66,91.94,24,29.270000000000003,2.6499999999999986,3,57.07,3,56.97,0.5599999999999999,0.4399999999999995
Virginia Tech,Atlantic Coast,14-9,0.6089999999999999,-2,32,7.250000000000001,29,57.339999999999996,34,95.63999999999999,42,26.590000000000003,2.64,54,50.440000000000005,52,50.74,0.5,0.5
Michigan St,Big 10,15-8,0.6519999999999999,+3,33,7.239999999999999,34,56.24,31,95.85,61,25.27,2.6800000000000006,55,50.43,51,50.8,0.41999999999999993,0.5800000000000001
Syracuse,Atlantic Coast,14-8,0.636,+1,34,7.199999999999999,36,55.81,29,96.12,68,24.59,2.9000000000000004,44,51.54,42,51.56,0.6099999999999994,0.39
Alabama,Southeastern,16-9,0.6399999999999999,-4,35,7.1899999999999995,39,55.08,22,97.36,101,22.61,2.6099999999999994,46,51.47,40,51.650000000000006,0.47000000000000064,0.5299999999999994
South Florida,American Athletic,18-3,0.857,-2,36,7.17,41,54.61,97,88.92999999999999,16,30.570000000000004,2.84,87,44.870000000000005,85,45.39,0.4400000000000004,0.5600000000000005
North Carolina,Atlantic Coast,13-10,0.5650000000000001,+1,37,7.12,35,56.21,19,97.61,88,23.490000000000002,2.84,64,49.019999999999996,61,49.28,0.5299999999999998,0.46999999999999975
Mississippi St,Southeastern,10-9,0.526,-2,39,7.08,32,56.32,26,96.77,73,24.439999999999998,2.5700000000000003,59,49.440000000000005,60,49.44,0,0
Florida St,Atlantic Coast,10-8,0.556,+1,38,7.079999999999998,40,54.790000000000006,70,91.58,33,28.1,2.7800000000000002,17,53.82000000000001,15,54.16,0.3400000000000003,0.6599999999999993
Colorado,Pac 12,12-10,0.5449999999999999,+8,40,7.049999999999999,37,55.3,79,90.73,23,29.47,2.79,37,51.83,34,51.9,0.5700000000000003,0.4299999999999997
South Dakota,Summit Lg,19-5,0.792,+1,41,6.989999999999999,38,55.29,59,92.68,36,27.5,2.71,143,39.8,134,40.940000000000005,0.15999999999999992,0.8399999999999999
Wake Forest,Atlantic Coast,12-12,0.49999999999999994,-1,42,6.9799999999999995,46,53.589999999999996,65,91.94999999999999,43,26.53,2.6400000000000006,13,54.61,11,54.78,0.33000000000000007,0.6699999999999999
S Dakota St,Summit Lg,21-3,0.875,,43,6.969999999999999,56,52.129999999999995,87,90.30000000000001,41,26.72,2.8299999999999996,103,43,100,43.52,0.3899999999999997,0.6100000000000003
UCF,American Athletic,16-4,0.8,-4,44,6.96,50,53.339999999999996,183,83.53999999999999,5,34.69,2.669999999999999,76,46.6,75,47.16,0.30000000000000004,0.6999999999999993
Duke,Atlantic Coast,3-1,0.75,-1,45,6.96,42,54.33,51,92.95,47,26.259999999999998,2.65,203,36.32,205,36.32,0,0
Villanova,Big East,17-6,0.739,+17,46,6.94,49,53.379999999999995,54,92.77000000000001,58,25.5,2.5699999999999994,73,47.559999999999995,73,47.589999999999996,0.6500000000000004,0.35000000000000053
FL Gulf Coast,Atlantic Sun,26-2,0.929,+2,47,6.9300000000000015,47,53.589999999999996,33,95.7,96,22.779999999999998,2.8899999999999997,270,32.040000000000006,258,33.019999999999996,0.31000000000000005,0.69
Notre Dame,Atlantic Coast,10-10,0.49999999999999994,-2,48,6.92,44,53.89,36,95.14,85,23.64,2.6500000000000004,20,53.39,19,53.39,0,0
Nebraska,Big 10,13-13,0.5,+4,49,6.890000000000001,48,53.57,43,94.3,78,24.16,2.700000000000001,21,53.34,20,53.339999999999996,0,0
Mississippi,Southeastern,13-11,0.542,+2,50,6.88,51,53.32,75,91.02000000000001,39,27.19,2.7199999999999998,68,48.7,64,48.97,0.43000000000000005,0.5700000000000003
SF Austin,Southland,24-2,0.923,-6,51,6.859999999999999,43,54.16,53,92.84,48,26.21,2.919999999999999,306,29.34,298,30.379999999999995,0.39000000000000057,0.6099999999999994
BYU,West Coast,18-5,0.783,+5,52,6.859999999999999,52,53.27,90,89.71,28,28.46,2.83,92,44.35,86,45.12,0.1999999999999993,0.7999999999999989
Oklahoma,Big 12,12-12,0.4999999999999999,-3,53,6.830000000000001,54,52.57,15,98.84,188,18.619999999999997,2.6100000000000003,24,52.92,24,52.92,0,0
USC,Pac 12,11-12,0.478,+1,54,6.82,58,51.650000000000006,56,92.72999999999999,83,23.81,2.6100000000000003,5,56.51,5,56.51,0,-4.440892098500626e-16
LSU,Southeastern,9-13,0.40900000000000003,-4,55,6.8,53,52.81,112,87.88,22,29.82,2.62,12,54.79,10,54.79,0,0
Seton Hall,Big East,14-7,0.667,+3,56,6.779999999999999,45,53.68,20,97.56,131,21.009999999999998,2.6799999999999997,86,44.94,88,44.94,0,0
Arizona St,Pac 12,12-11,0.522,+3,57,6.680000000000001,60,51.4,203,82.42,7,33.86,2.66,25,52.78,27,52.589999999999996,0.6199999999999992,0.38
Princeton,Ivy League,0-0,0,+3,58,6.67,57,51.690000000000005,105,88.39,31,28.189999999999998,2.6899999999999995,41,51.69,39,51.69,0,0
Miami FL,Atlantic Coast,11-11,0.5,-1,59,6.67,62,50.63,83,90.48,62,25.050000000000004,2.6799999999999997,40,51.78,38,51.78,0,0
Washington,Pac 12,7-14,0.33299999999999996,+4,60,6.660000000000001,59,51.62,108,88.11999999999999,29,28.39,2.58,2,57.14,2,57.14,0,0
DePaul,Big East,14-10,0.583,-5,61,6.65,61,51.39,5,103.57,309,12.72,2.4899999999999993,63,49.07,63,49.07,0,0
Missouri,Southeastern,9-13,0.409,-15,62,6.649999999999999,55,52.49,42,94.6,97,22.77,2.669999999999999,53,50.65,54,50.65,0,0
Drake,Missouri Val,17-12,0.586,-10,64,6.46,63,50.42,21,97.38,213,17.94,2.829999999999999,81,45.78,81,45.86,0.56,0.4399999999999995
Clemson,Atlantic Coast,12-14,0.46199999999999997,+3,63,6.459999999999999,64,50.06,57,92.72,107,22.23,2.6799999999999997,58,49.49,59,49.49,0,0
Creighton,Big East,10-12,0.455,+5,65,6.450000000000001,65,49.91,110,87.92,40,26.88,2.51,35,51.879999999999995,35,51.88,0,0
Rice,Conference USA,20-4,0.833,+13,66,6.42,73,48.99,114,87.6,46,26.290000000000003,2.68,142,39.86,144,40.02,0.6499999999999999,0.3500000000000001
Florida,Southeastern,12-14,0.46199999999999997,-5,67,6.409999999999998,68,49.55,58,92.69,115,21.75,2.6800000000000006,70,48.18,70,48.18,0,0
Houston,American Athletic,16-8,0.6669999999999999,-3,68,6.380000000000001,77,48.28,93,89.24000000000001,80,23.93,2.8199999999999994,80,46.01,78,46.23,0.38000000000000034,0.6199999999999992
Utah,Pac 12,5-16,0.238,+2,69,6.38,71,49.13,81,90.58,89,23.44,2.6800000000000006,1,58.540000000000006,1,58.54,0,0
Tulane,American Athletic,18-9,0.667,-3,70,6.369999999999999,70,49.29,86,90.36,82,23.82,2.759999999999999,95,43.73,96,43.73,-1.7763568394002505e-15,0
Boston College,Atlantic Coast,7-12,0.36800000000000005,-3,71,6.36,69,49.480000000000004,48,93.31,130,21.060000000000002,2.7500000000000004,49,51.19,48,51.190000000000005,0,0
Northern Iowa,Missouri Val,16-12,0.5710000000000001,,72,6.34,67,49.68,73,91.25999999999999,91,23.32,2.7,85,45.029999999999994,87,45.11,0.5800000000000001,0.41999999999999993
Penn St,Big 10,9-15,0.37499999999999994,+2,73,6.3,79,48.11,40,94.86,206,18.14,2.6999999999999993,26,52.7,25,52.699999999999996,0,0
IUPUI,Horizon,15-5,0.7499999999999998,+6,74,6.29,66,49.91,99,88.9,55,25.9,2.6799999999999997,169,38.35,170,38.349999999999994,0,0
Delaware,Colonial,23-4,0.852,+19,75,6.279999999999999,76,48.3,71,91.53,118,21.659999999999997,2.719999999999999,192,36.84,186,37.42999999999999,0.3500000000000001,0.6500000000000001
TCU,Big 12,10-15,0.39999999999999997,-2,76,6.27,78,48.25,61,92.5,139,20.64,2.5700000000000003,48,51.26,47,51.26,0,-1.7763568394002505e-15
Bowling Green,Mid-American,21-7,0.75,-4,77,6.26,75,48.34,62,92.23,132,21,2.6799999999999997,115,41.980000000000004,113,42.269999999999996,0.4400000000000004,0.5599999999999998
Kansas St,Big 12,9-18,0.3330000000000001,-3,79,6.24,72,49.01,106,88.36,57,25.54,2.63,42,51.62,41,51.620000000000005,-2.220446049250313e-16,0
Idaho St,Big Sky,22-3,0.8799999999999999,,78,6.239999999999999,88,47.080000000000005,116,87.38,67,24.589999999999996,2.7399999999999993,216,35.58,201,36.47,0.17999999999999972,0.8199999999999994
C Michigan,Mid-American,18-8,0.692,-3,80,6.23,81,47.87,27,96.5,248,16.259999999999998,2.6099999999999994,99,43.57,94,44.17,0.2400000000000002,0.7599999999999998
Cal Baptist,Western Athletic,26-0,1,+15,81,6.1899999999999995,113,43.85,52,92.86999999999999,258,15.87,2.84,298,30.14,290,30.839999999999996,0.34999999999999964,0.6499999999999999
Texas Tech,Big 12,10-15,0.3999999999999999,-1,82,6.18,85,47.620000000000005,41,94.75999999999999,217,17.75,2.71,69,48.58,67,48.58,0,0
St Louis,Atlantic 10,14-4,0.778,+9,83,6.18,86,47.269999999999996,139,86,49,26.16,2.59,125,41.230000000000004,122,41.67,0.41999999999999993,0.5799999999999996
Illinois St,Missouri Val,15-8,0.6520000000000001,-15,84,6.16,80,47.88999999999999,103,88.48,75,24.29,2.75,121,41.4,123,41.55,0.5900000000000001,0.41000000000000014
Ohio,Mid-American,15-9,0.625,-3,86,6.16,74,48.72,35,95.6,210,18.01,2.74,101,43.129999999999995,102,43.12,0.6499999999999999,0.34999999999999964
Bucknell,Patriot League,9-1,0.8999999999999999,+1,85,6.159999999999999,91,46.71,144,85.7,54,25.9,2.7300000000000004,217,35.58,217,35.58,0,-5.551115123125783e-17
Bradley,Missouri Val,17-11,0.6070000000000001,-5,87,6.1499999999999995,84,47.67,76,90.94000000000001,119,21.619999999999997,2.6799999999999997,112,42.06,110,42.6,0.20999999999999996,0.79
Purdue,Big 10,7-16,0.30399999999999994,-3,88,6.130000000000001,82,47.769999999999996,91,89.64,92,23.02,2.4800000000000004,22,53.279999999999994,21,53.28,0,0
Minnesota,Big 10,8-13,0.381,-2,89,6.12,97,45.82,64,91.97,186,18.740000000000002,2.58,18,53.540000000000006,18,53.54,0,0
Belmont,OH Valley,20-5,0.7999999999999999,-6,90,6.08,90,46.870000000000005,122,87.22,69,24.54,2.5599999999999987,211,35.76,194,36.68,0.13999999999999968,0.8599999999999994
WI Milwaukee,Horizon,20-8,0.714,+7,91,6.08,93,46.02,186,83.28,35,27.63,2.500000000000001,144,39.79,147,39.79,0,0
UC Davis,Big West,13-2,0.867,+1,92,6.04,101,45.16,175,84,50,26.06,2.6700000000000004,172,38.19,156,39.35,0.16000000000000014,0.8399999999999999
San Francisco,West Coast,16-11,0.593,+5,94,6.030000000000001,92,46.129999999999995,67,91.91,176,19.11,2.7300000000000004,96,43.72,97,43.72,0,0
Kansas,Big 12,7-18,0.27999999999999997,-4,93,6.03,83,47.75,46,93.61000000000001,179,19.03,2.7800000000000002,52,50.699999999999996,53,50.699999999999996,0,0
New Mexico,Mountain West,15-5,0.75,-7,95,6,89,47,32,95.74,251,16.15,2.63,181,37.83,182,37.83,0,0
Buffalo,Mid-American,15-9,0.625,-1,96,5.949999999999999,99,45.709999999999994,69,91.63000000000001,182,18.97,2.5700000000000003,116,41.96,117,41.96,0,0
Dayton,Atlantic 10,14-5,0.7369999999999999,-8,98,5.930000000000001,98,45.809999999999995,131,86.5,77,24.200000000000003,2.63,159,38.83,163,38.83,0,-2.220446049250313e-16
Fresno St,Mountain West,17-11,0.6069999999999999,+6,97,5.93,87,47.26,30,95.86999999999999,245,16.290000000000003,2.59,139,40.44,142,40.44,0,0
TN Martin,OH Valley,21-6,0.7779999999999998,-8,99,5.91,102,45.06,121,87.28,99,22.67,2.83,184,37.66,177,38.03,0.40999999999999837,0.5899999999999999
Wright St,Horizon,18-7,0.72,+7,100,5.890000000000001,100,45.71,171,84.25,44,26.35,2.5999999999999996,166,38.69,155,39.5,0.16999999999999993,0.8300000000000001
Vanderbilt,Southeastern,4-4,0.5,-4,101,5.890000000000001,94,45.99,44,94.23,237,16.66,2.58,94,43.75,95,43.75,0,0
Colorado St,Mountain West,15-6,0.714,-1,102,5.88,103,44.980000000000004,84,90.46000000000001,168,19.4,2.7699999999999996,195,36.64,197,36.64,0,0
Pittsburgh,Atlantic Coast,5-14,0.263,-3,103,5.870000000000001,106,44.65,100,88.83,137,20.71,2.6099999999999994,38,51.83,36,51.83,0,-8.881784197001252e-16
WI Green Bay,Horizon,15-7,0.6819999999999999,+5,104,5.84,107,44.580000000000005,164,84.56,63,24.910000000000004,2.61,168,38.379999999999995,169,38.38,0,0
Pacific,West Coast,11-11,0.4999999999999999,+8,105,5.84,104,44.82,82,90.54,173,19.18,2.65,79,46.1,80,46.1,0,0
St John's,Big East,8-15,0.348,+6,106,5.809999999999999,96,45.839999999999996,111,87.9,95,22.830000000000002,2.5700000000000003,67,48.74,66,48.739999999999995,0,0
MTSU,Conference USA,17-7,0.7080000000000001,+3,107,5.790000000000001,109,44.5,68,91.71000000000001,218,17.69,2.5300000000000002,162,38.809999999999995,150,39.69,0.1299999999999999,0.8699999999999992
Penn,Ivy League,0-0,0,,108,5.789999999999999,110,44.39,161,84.74,70,24.54,2.6900000000000004,91,44.39,92,44.39,0,0
Temple,American Athletic,11-11,0.5,-4,109,5.779999999999999,118,43.43,123,87.15,127,21.18,2.6799999999999997,78,46.11,79,46.11,-8.881784197001252e-16,0
San Diego,West Coast,12-7,0.6319999999999999,+7,110,5.76,111,44.31,162,84.7,71,24.509999999999998,2.619999999999999,163,38.769999999999996,166,38.769999999999996,0,0
VCU,Atlantic 10,16-10,0.6149999999999999,+3,111,5.74,114,43.66,145,85.64,93,22.91,2.6099999999999994,124,41.25,114,42.11,0.04999999999999982,0.9500000000000002
Montana St,Big Sky,17-7,0.708,+3,112,5.720000000000001,108,44.51,96,88.97,145,20.43,2.8800000000000003,199,36.42,202,36.419999999999995,0,0
Massachusetts,Atlantic 10,15-8,0.6519999999999999,-12,114,5.720000000000001,120,42.92,89,89.73,209,18.08,2.63,140,40.4,136,40.75,0.3500000000000001,0.6500000000000004
Santa Clara,West Coast,14-11,0.5599999999999999,+8,113,5.72,117,43.48,115,87.44999999999999,134,20.92,2.59,97,43.68,98,43.68000000000001,-1.7763568394002505e-15,0
Wisconsin,Big 10,5-19,0.20799999999999996,+1,115,5.699999999999999,112,44.13,118,87.35000000000001,117,21.669999999999998,2.6999999999999993,15,53.9,17,53.9,0,0
Auburn,Southeastern,5-19,0.20799999999999996,-5,116,5.680000000000001,105,44.67,95,89.06,144,20.509999999999998,2.62,56,50.29,56,50.290000000000006,0,0
Valparaiso,Missouri Val,12-13,0.48,-11,117,5.68,122,42.879999999999995,141,85.89,112,21.88,2.63,98,43.589999999999996,99,43.59,0,0
Idaho,Big Sky,17-7,0.708,,118,5.64,126,42.580000000000005,104,88.47,180,19,2.84,176,38.07,176,38.07,-8.881784197001252e-16,-8.881784197001252e-16
Ball St,Mid-American,14-11,0.56,-1,120,5.620000000000001,132,41.93,78,90.86,256,15.96,2.3600000000000003,111,42.36,112,42.36,0,0
Wyoming,Mountain West,14-9,0.609,+3,119,5.619999999999999,121,42.900000000000006,234,80.54,38,27.25,2.7,151,39.379999999999995,141,40.51,0.020000000000000018,0.98
Yale,Ivy League,0-0,-1.1102230246251565e-16,+3,121,5.58,124,42.68,146,85.61,110,21.96,2.6800000000000006,106,42.68,106,42.68,0,0
James Madison,Colonial,14-10,0.583,+12,122,5.57,119,43.01,101,88.74,174,19.169999999999998,2.710000000000001,134,40.78,135,40.78,0,0
Cincinnati,American Athletic,8-16,0.333,-3,123,5.550000000000001,115,43.56,124,87.06,122,21.39,2.3299999999999996,82,45.690000000000005,82,45.690000000000005,0,0
Portland,West Coast,14-12,0.5379999999999999,+28,124,5.550000000000001,135,41.89,109,88.03,185,18.75,2.5999999999999996,119,41.81,120,41.71,0.5899999999999999,0.41000000000000014
Troy,Sun Belt,22-5,0.815,,125,5.55,116,43.49,18,97.81,333,10.58,2.8199999999999994,287,30.680000000000003,276,31.799999999999997,0.11999999999999966,0.8799999999999999
N Dakota St,Summit Lg,15-9,0.625,+1,126,5.55,142,41.46,136,86.11,150,20.240000000000002,2.789999999999999,129,41.13,128,41.129999999999995,0,0
N Illinois,Mid-American,12-12,0.5,-1,127,5.55,129,42.32,77,90.94,247,16.27,2.67,105,42.74,105,42.739999999999995,0,0
Lehigh,Patriot League,10-5,0.6669999999999999,+13,128,5.539999999999999,137,41.78,85,90.39,246,16.279999999999998,2.7,164,38.75,145,39.94,0.1299999999999999,0.8699999999999992
Illinois,Big 10,5-18,0.21700000000000008,,129,5.539999999999999,128,42.4,153,85.07,108,22.22,2.69,27,52.650000000000006,26,52.65,0,-8.881784197001252e-16
Drexel,Colonial,14-8,0.636,+8,130,5.539999999999999,134,41.89,228,80.82000000000001,52,25.97,2.6000000000000005,156,38.94,146,39.88,0.04999999999999982,0.9499999999999997
UNLV,Mountain West,15-9,0.625,-1,131,5.539999999999999,130,42.25,113,87.85,172,19.299999999999997,2.5599999999999987,141,40.39,143,40.39,0,0
North Texas,Conference USA,13-7,0.6499999999999999,-1,132,5.53,144,41.21,125,87.03,177,19.080000000000002,2.63,165,38.73,167,38.73,0,0
Kent,Mid-American,11-9,0.5499999999999999,-5,133,5.53,149,40.62,127,87,196,18.52,2.7200000000000006,100,43.17,101,43.17,0,0
Fordham,Atlantic 10,12-6,0.6669999999999999,-30,134,5.529999999999999,141,41.47,213,81.89,72,24.47,2.76,174,38.18,174,38.18,0,-1.7763568394002505e-15
E Michigan,Mid-American,10-10,0.4999999999999999,-3,135,5.48,131,42.08,184,83.53,90,23.43,2.5600000000000005,122,41.309999999999995,124,41.31,-4.440892098500626e-16,0
Harvard,Ivy League,0-0,0,-1,136,5.4799999999999995,136,41.809999999999995,193,82.85,81,23.85,2.6899999999999995,118,41.81,119,41.81,-4.440892098500626e-16,0
Providence,Big East,7-14,0.33299999999999996,+7,137,5.47,140,41.58,226,80.93,56,25.54,2.67,72,47.6,72,47.599999999999994,0,0
Maine,America East,17-3,0.85,-2,138,5.46,145,41.190000000000005,169,84.31,114,21.78,2.7300000000000004,300,30.050000000000004,303,30.05,0,0
Old Dominion,Conference USA,13-11,0.542,+3,139,5.449999999999999,125,42.629999999999995,94,89.11,198,18.41,2.5599999999999996,154,39.01,159,39.01,0,0
Virginia,Atlantic Coast,0-5,0,-3,140,5.43,95,45.97,149,85.43,59,25.43,2.58,71,47.83,71,47.83,-8.881784197001252e-16,0
Boise St,Mountain West,14-9,0.609,+5,142,5.390000000000001,138,41.77,107,88.33999999999999,201,18.32,2.6599999999999984,208,35.91,210,35.91,0,-8.881784197001252e-16
UTEP,Conference USA,17-8,0.68,+7,141,5.389999999999999,147,40.86,138,86.03,161,19.720000000000002,2.6899999999999995,206,36.1,208,36.099999999999994,0,0
Charlotte,Conference USA,10-12,0.45500000000000007,,143,5.380000000000001,127,42.5,72,91.37,255,16.02,2.69,128,41.15,127,41.15,0,0
Columbia,Ivy League,0-0,0,+1,144,5.380000000000001,146,41,143,85.82,156,20.07,2.69,132,41,132,41,0,0
Boston Univ,Patriot League,12-3,0.8,-12,145,5.369999999999999,133,41.9,211,81.94,64,24.85,2.7699999999999996,260,32.78,261,32.78,-5.551115123125783e-17,-4.440892098500626e-16
East Carolina,American Athletic,8-14,0.364,-7,146,5.360000000000001,153,40.260000000000005,190,82.99,109,22.16,2.67,83,45.6,83,45.6,0,0
Richmond,Atlantic 10,13-9,0.591,+2,147,5.35,152,40.42,176,83.89,120,21.419999999999998,2.6899999999999995,158,38.88,162,38.88,0,0
Liberty,Atlantic Sun,19-8,0.7040000000000001,-2,148,5.35,143,41.31999999999999,132,86.48,159,19.73,2.79,255,33.18,255,33.18,0,0
Rhode Island,Atlantic 10,11-8,0.5790000000000001,-9,149,5.34,151,40.58,199,82.57000000000001,94,22.9,2.73,161,38.81999999999999,165,38.82,0,0
N Kentucky,Horizon,8-11,0.42100000000000004,+4,150,5.34,139,41.65,142,85.88,138,20.66,2.59,114,42.019999999999996,116,42.019999999999996,0,0
Toledo,Mid-American,12-12,0.5,-1,151,5.3,154,40.050000000000004,130,86.57000000000001,199,18.37,2.61,137,40.54,139,40.54,0,0
California,Pac 12,1-16,0.05899999999999994,+4,152,5.28,123,42.72,185,83.37,76,24.24,2.4399999999999995,7,56.03,6,56.029999999999994,0,0
Marist,Metro Atlantic,18-3,0.857,+4,153,5.260000000000001,150,40.62,229,80.75,65,24.76,2.5300000000000002,318,28.45,301,30.11,0.030000000000001137,0.9699999999999998
Elon,Colonial,7-8,0.46699999999999986,+8,154,5.250000000000001,157,39.91,181,83.6,125,21.2,2.74,135,40.629999999999995,137,40.63,0,0
San Jose St,Mountain West,2-2,0.5,+4,156,5.210000000000001,166,38.699999999999996,119,87.3,244,16.3,2.6599999999999997,145,39.79,148,39.79,0,0
Cleveland St,Horizon,13-9,0.591,+15,155,5.21,162,39.15,180,83.61999999999999,146,20.42,2.6500000000000004,200,36.41,196,36.650000000000006,0.41000000000000014,0.5899999999999999
Loyola-Chicago,Missouri Val,11-15,0.42300000000000004,-34,157,5.209999999999999,161,39.45,277,78.32000000000001,51,26.02,2.54,123,41.28,131,41.010000000000005,0.69,0.30999999999999994
Wichita St,American Athletic,6-12,0.3330000000000001,-3,158,5.2,156,39.97,165,84.56,149,20.3,2.639999999999999,104,42.83,104,42.83,0,0
Louisiana,Sun Belt,16-8,0.667,-6,159,5.2,167,38.7,225,80.97,100,22.619999999999997,2.76,212,35.72,213,35.72,-4.440892098500626e-16,-4.440892098500626e-16
Georgetown,Big East,2-15,0.118,+4,161,5.190000000000001,148,40.73,287,77.44999999999999,32,28.169999999999998,2.66,33,52.08,31,52.08,0,0
Jackson St,Southwestern AC,18-5,0.7829999999999999,-2,160,5.19,163,38.85,187,83.14,140,20.6,2.7800000000000002,283,30.96,262,32.73,0,1
Louisiana Tech,Conference USA,14-10,0.5829999999999999,-1,162,5.18,159,39.9,192,82.89,111,21.9,2.6499999999999995,205,36.14,207,36.14,0,0
S Illinois,Missouri Val,9-16,0.36,-12,163,5.170000000000001,155,40.04,202,82.46,104,22.47,2.66,110,42.47,111,42.47,0,0
Nevada,Mountain West,13-9,0.591,,164,5.1499999999999995,178,37.95,204,82.32,141,20.529999999999998,2.55,196,36.589999999999996,198,36.589999999999996,0,-5.551115123125783e-17
Towson,Colonial,13-9,0.5909999999999999,+4,165,5.140000000000001,160,39.599999999999994,50,92.97,327,11.52,2.8399999999999994,213,35.66,214,35.660000000000004,0,0
Samford,Southern,14-11,0.56,-3,166,5.14,158,39.9,151,85.19,165,19.610000000000003,2.8200000000000003,230,34.730000000000004,230,34.73,0,0
Tulsa,American Athletic,5-14,0.263,-8,167,5.13,169,38.5,224,80.99,106,22.4,2.58,77,46.43,77,46.43,0,0
St Mary's CA,West Coast,7-19,0.269,+9,168,5.12,165,38.78,134,86.27,223,17.41,2.58,84,45.49,84,45.49,-8.881784197001252e-16,0
Stony Brook,America East,15-5,0.75,-3,169,5.0600000000000005,168,38.629999999999995,260,79.1,74,24.419999999999998,2.71,294,30.38,272,31.939999999999998,0.009999999999999787,0.9900000000000002
Mercer,Southern,19-6,0.76,-3,170,5.0600000000000005,185,37.47,170,84.26,208,18.099999999999998,2.61,295,30.35,273,31.900000000000002,0.009999999999999787,0.9900000000000002
Xavier,Big East,5-10,0.33299999999999996,+3,172,5.050000000000001,181,37.879999999999995,156,85.02,216,17.759999999999998,2.6400000000000006,74,47.32,74,47.31999999999999,0,0
FL Atlantic,Conference USA,11-11,0.5,+3,171,5.05,179,37.95,117,87.36,261,15.489999999999998,2.6899999999999995,189,37.06,189,37.059999999999995,0,0
Loy Marymount,West Coast,7-19,0.26899999999999996,+16,173,5.02,175,38.14,178,83.68,170,19.36,2.59,89,44.73,90,44.73,0,0
Cornell,Ivy League,0-0,0,,176,5.010000000000001,180,37.92,205,82.31,143,20.51,2.68,177,37.92,178,37.92,0,0
Marshall,Conference USA,8-11,0.42099999999999993,+5,174,5.01,189,37.129999999999995,258,79.29,98,22.740000000000002,2.7200000000000006,131,41.019999999999996,130,41.019999999999996,0,0
Jacksonville St,OH Valley,15-9,0.625,-7,175,5.01,171,38.239999999999995,232,80.58,102,22.55,2.9000000000000004,244,33.88,244,33.879999999999995,0,0
UT Arlington,Sun Belt,13-7,0.6499999999999999,-4,177,4.990000000000001,164,38.82,255,79.6,79,24.11,2.7800000000000002,280,31.419999999999998,284,31.419999999999998,0,-1.7763568394002505e-15
Tennessee Tech,OH Valley,15-10,0.6000000000000001,-7,178,4.98,182,37.82,167,84.47,202,18.240000000000002,2.76,241,34.11,241,34.11,0,0
W Michigan,Mid-American,6-15,0.2859999999999999,+1,179,4.97,172,38.23,163,84.61,197,18.509999999999998,2.7800000000000002,113,42.03,115,42.03,0,0
Long Beach St,Big West,12-9,0.5709999999999998,+5,181,4.960000000000001,170,38.4,207,82.11,126,21.18,2.66,222,35.33,222,35.33,0,0
Sam Houston St,Southland,15-8,0.652,-8,180,4.959999999999999,176,38.06,92,89.64,300,13.32,2.7099999999999995,275,31.64,279,31.639999999999997,0,0
Akron,Mid-American,7-14,0.33299999999999996,-1,182,4.959999999999999,203,36.18,160,84.74000000000001,241,16.32,2.5500000000000007,120,41.69,121,41.69,0,0
Butler,Big East,3-17,0.1499999999999999,+7,185,4.950000000000001,190,37.129999999999995,177,83.83,203,18.189999999999998,2.51,45,51.519999999999996,43,51.519999999999996,0,-4.440892098500626e-16
Northern Arizona,Big Sky,14-14,0.5,+1,183,4.95,177,38,98,88.92,286,13.969999999999999,2.7200000000000006,188,37.1,192,36.9,0.7000000000000002,0.2999999999999998
NC A&T,Mid-Eastern AC,14-2,0.875,+1,184,4.949999999999999,173,38.23,195,82.74000000000001,148,20.38,2.8100000000000005,353,22.16,350,24.66,0.019999999999999574,0.98
UC Irvine,Big West,15-9,0.625,+4,187,4.94,201,36.22,173,84.19999999999999,231,16.92,2.58,215,35.61,216,35.61,-8.881784197001252e-16,0
Ark Little Rock,Sun Belt,15-11,0.577,-8,186,4.9399999999999995,187,37.24,276,78.5,86,23.630000000000003,2.8499999999999996,221,35.39,221,35.39,0,0
SE Missouri St,OH Valley,15-11,0.577,-6,188,4.909999999999999,183,37.54,197,82.65,157,19.77,2.6899999999999995,250,33.47,250,33.47,-2.220446049250313e-16,-1.1102230246251565e-16
N Colorado,Big Sky,14-12,0.5379999999999999,,190,4.9,193,36.86,219,81.24000000000001,142,20.51,2.4700000000000006,198,36.48,200,36.480000000000004,0,0
Murray St,OH Valley,16-11,0.593,-6,189,4.8999999999999995,202,36.21,128,86.85,282,14.25,2.6400000000000006,223,35.28,223,35.279999999999994,0,0
G Washington,Atlantic 10,9-14,0.39099999999999996,-4,191,4.890000000000001,174,38.22,297,77.16,53,25.949999999999996,2.7700000000000005,178,37.910000000000004,179,37.91,0,-1.7763568394002505e-15
St Joseph's PA,Atlantic 10,7-10,0.4119999999999999,-4,192,4.890000000000001,191,37,230,80.69,124,21.200000000000003,2.710000000000001,180,37.83,181,37.83,0,0
Hawaii,Big West,9-8,0.529,,193,4.88,195,36.6,191,82.94,194,18.55,2.67,224,35.27,224,35.27,0,0
American Univ,Patriot League,7-4,0.636,,194,4.87,196,36.550000000000004,201,82.47,181,18.98,2.6999999999999993,245,33.79,245,33.79,0,0
Grand Canyon,Western Athletic,18-7,0.72,+3,195,4.87,205,36.06,166,84.47999999999999,238,16.47,2.92,313,28.869999999999997,315,28.869999999999997,0,0
WKU,Conference USA,7-16,0.30399999999999994,+1,196,4.85,184,37.519999999999996,172,84.25,204,18.169999999999998,2.630000000000001,133,40.94,133,40.94,0,0
Cal Poly,Big West,13-11,0.542,+2,197,4.85,212,35.779999999999994,237,80.48,152,20.200000000000003,2.74,170,38.28,171,38.279999999999994,0,0
Oakland,Horizon,12-12,0.5,+7,198,4.829999999999998,218,34.989999999999995,102,88.49000000000001,329,11.39,2.59,160,38.83,164,38.83,-1.1102230246251565e-16,-1.1102230246251565e-16
La Salle,Atlantic 10,12-14,0.46199999999999997,-3,199,4.82,199,36.32,168,84.39,232,16.82,2.619999999999999,187,37.260000000000005,188,37.26,-8.881784197001252e-16,0
CS Northridge,Big West,0-0,0,+1,200,4.819999999999999,197,36.400000000000006,238,80.42,135,20.87,2.6799999999999997,201,36.4,203,36.4,0,0
Northeastern,Colonial,7-13,0.35,+10,202,4.790000000000001,188,37.2,210,81.97,154,20.12,2.58,155,38.99,160,38.99,0,0
Missouri KC,Summit Lg,10-12,0.45499999999999996,-1,201,4.789999999999999,206,36.05,154,85.06,257,15.879999999999999,2.65,173,38.18,173,38.18,0,0
NE Omaha,Summit Lg,7-13,0.35000000000000003,-2,204,4.7700000000000005,217,35.019999999999996,233,80.58,171,19.34,2.66,107,42.65,107,42.650000000000006,0,0
Davidson,Atlantic 10,9-14,0.3910000000000001,-8,203,4.77,207,36.019999999999996,182,83.57000000000001,225,17.34,2.5900000000000003,146,39.730000000000004,149,39.730000000000004,0,0
Southern Utah,Big Sky,11-9,0.55,+2,205,4.76,194,36.6,155,85.05,239,16.44,2.7399999999999984,262,32.7,264,32.699999999999996,0,0
UAB,Conference USA,10-13,0.435,,206,4.749999999999999,200,36.31,140,85.94,264,15.260000000000002,2.4399999999999995,231,34.720000000000006,231,34.72,0,0
Youngstown St,Horizon,10-8,0.5559999999999999,+9,207,4.74,211,35.8,189,83.1,220,17.59,2.6900000000000004,239,34.19,238,34.19,0,0
Memphis,American Athletic,4-15,0.21100000000000008,-5,208,4.73,210,35.8,179,83.63000000000001,230,17.06,2.66,102,43.03,103,43.03,0,0
Miami OH,Mid-American,5-20,0.19999999999999996,-1,209,4.72,192,36.87,133,86.32000000000001,262,15.439999999999998,2.630000000000001,109,42.65,109,42.65,-2.220446049250313e-16,-8.881784197001252e-16
Dartmouth,Ivy League,0-0,0,-1,210,4.72,215,35.58,243,80.06,147,20.41,2.6799999999999997,218,35.58,218,35.58,0,0
North Florida,Atlantic Sun,14-11,0.5599999999999999,,211,4.710000000000001,216,35.1,135,86.25999999999999,294,13.74,2.8,209,35.86,211,35.86,0,0
Fairfield,Metro Atlantic,11-5,0.6880000000000001,+1,212,4.710000000000001,230,34.160000000000004,291,77.27,113,21.78,2.6399999999999997,274,31.729999999999997,278,31.730000000000004,0,0
Austin Peay,OH Valley,12-11,0.522,-9,213,4.699999999999999,214,35.69,235,80.5,155,20.08,2.67,252,33.29,252,33.29,0,0
William & Mary,Colonial,6-7,0.4620000000000001,+9,214,4.680000000000001,213,35.73,227,80.89999999999999,160,19.729999999999997,2.67,197,36.55,199,36.55,-4.440892098500626e-16,-8.881784197001252e-16
Alabama St,Southwestern AC,16-4,0.7999999999999999,-1,215,4.66,229,34.18,150,85.28,292,13.79,2.77,332,26.75,334,26.75,0,0
Pepperdine,West Coast,5-18,0.217,+14,216,4.66,208,35.91,222,81.17,163,19.630000000000003,2.6499999999999986,108,42.65,108,42.650000000000006,0,0
Quinnipiac,Metro Atlantic,13-8,0.6189999999999999,+4,217,4.66,204,36.059999999999995,208,82.02,183,18.93,2.7299999999999995,285,30.880000000000003,289,30.880000000000003,0,0
Duquesne,Atlantic 10,5-11,0.313,-3,218,4.65,209,35.86,174,84.01,235,16.74,2.71,148,39.519999999999996,152,39.52,0,0
Holy Cross,Patriot League,7-8,0.46699999999999997,-2,219,4.65,223,34.54,244,80.00999999999999,167,19.42,2.6900000000000013,204,36.309999999999995,206,36.31,0,0
Florida Intl,Conference USA,14-13,0.519,+7,220,4.640000000000001,234,33.64,137,86.07,314,12.459999999999999,2.67,238,34.2,240,34.13,0.5399999999999991,0.45999999999999974
Chattanooga,Southern,14-10,0.583,-3,221,4.64,221,34.73,245,79.99,162,19.64,2.64,261,32.71,263,32.71,0,0
W Illinois,Summit Lg,8-16,0.33299999999999996,-2,222,4.609999999999999,222,34.56,120,87.28999999999999,318,12.16,2.6500000000000004,138,40.52,140,40.52,0,0
Montana,Big Sky,12-11,0.5219999999999999,+2,223,4.6,226,34.43,214,81.72999999999999,219,17.6,2.57,236,34.28,236,34.28,0,0
CS Bakersfield,Big West,9-9,0.5,+5,224,4.6,236,33.51,270,78.67,158,19.729999999999997,2.5,210,35.85,212,35.849999999999994,0,0
Lafayette,Patriot League,5-8,0.3849999999999999,+3,225,4.59,228,34.29,254,79.61999999999999,166,19.56,2.58,182,37.8,183,37.8,0,0
E Illinois,OH Valley,11-15,0.42300000000000004,-7,226,4.58,220,34.81999999999999,200,82.52,229,17.189999999999998,2.6800000000000006,207,36,209,36,-2.220446049250313e-16,0
SMU,American Athletic,0-6,0,-3,227,4.57,186,37.42,216,81.34,133,20.979999999999997,2.6399999999999997,62,49.120000000000005,62,49.12,0,-1.7763568394002505e-15
Appalachian St,Sun Belt,15-12,0.556,-2,228,4.5600000000000005,242,33.2,242,80.14999999999999,212,17.94,2.62,226,35.25,226,35.25,0,0
Texas St,Sun Belt,11-11,0.5,-7,229,4.56,227,34.33,231,80.65,190,18.57,2.7800000000000002,247,33.65,247,33.65,0,0
San Diego St,Mountain West,7-17,0.29200000000000004,+1,230,4.549999999999999,237,33.47,240,80.36,211,18,2.5,136,40.54,138,40.540000000000006,0,0
Mt St Mary's,Northeast,17-6,0.7390000000000001,+6,232,4.540000000000001,198,36.32,152,85.07,252,16.150000000000002,2.87,347,25.490000000000002,323,27.41,0.009999999999999787,0.9899999999999998
High Point,Big South,22-6,0.7859999999999999,+2,231,4.539999999999999,219,34.949999999999996,148,85.44,279,14.4,2.6300000000000003,349,25.129999999999995,332,26.92,0,0.9999999999999999
UC Santa Barbara,Big West,7-14,0.33299999999999985,+2,233,4.53,225,34.48,159,84.75,272,14.63,2.6100000000000003,167,38.379999999999995,168,38.379999999999995,0,0
Utah Valley,Western Athletic,13-6,0.6839999999999998,,234,4.529999999999999,239,33.33,298,77.09,129,21.130000000000003,2.74,315,28.740000000000002,286,31.17,0,1
Robert Morris,Horizon,4-13,0.235,+4,235,4.5,233,33.919999999999995,269,78.68,153,20.130000000000003,2.6900000000000004,126,41.220000000000006,125,41.22,-8.881784197001252e-16,0
Southern Univ,Southwestern AC,12-11,0.5219999999999998,-4,236,4.49,231,34.019999999999996,285,77.67999999999999,123,21.23,2.700000000000001,233,34.58,233,34.580000000000005,0,-2.220446049250313e-16
Oral Roberts,Summit Lg,6-15,0.286,-1,237,4.48,243,32.87,158,84.81,303,12.95,2.74,93,44.309999999999995,93,44.31,-1.7763568394002505e-15,0
Hofstra,Colonial,8-12,0.3999999999999999,+8,238,4.47,254,31.7,280,78.04,193,18.55,2.6999999999999997,171,38.230000000000004,172,38.230000000000004,-8.881784197001252e-16,0
UC Riverside,Big West,7-12,0.368,+4,239,4.449999999999999,224,34.540000000000006,281,78.02,121,21.41,2.5700000000000003,225,35.260000000000005,225,35.260000000000005,0,0
St Bonaventure,Atlantic 10,6-15,0.286,-3,240,4.449999999999999,241,33.21,253,79.76,200,18.34,2.79,157,38.9,161,38.9,-8.881784197001252e-16,0
Abilene Chr,Southland,14-12,0.5379999999999999,-31,241,4.4399999999999995,232,33.97,196,82.72,253,16.139999999999997,2.76,307,29.32,307,29.689999999999998,0.31000000000000005,0.69
Denver,Summit Lg,7-16,0.30399999999999994,-2,242,4.43,240,33.25,88,90.24,351,7.899999999999999,2.6800000000000006,149,39.519999999999996,153,39.519999999999996,-8.881784197001252e-16,0
Howard,Mid-Eastern AC,15-4,0.789,-1,243,4.43,259,31.189999999999998,209,82.02,284,14.07,2.67,331,26.869999999999997,333,26.870000000000005,0,0
Air Force,Mountain West,8-18,0.30799999999999994,,244,4.43,238,33.379999999999995,288,77.41000000000001,136,20.86,2.63,179,37.9,180,37.9,0,0
Portland St,Big Sky,12-13,0.48,-4,245,4.43,244,32.81999999999999,236,80.49000000000001,227,17.229999999999997,2.5500000000000007,281,31.309999999999995,285,31.309999999999995,0,0
Manhattan,Metro Atlantic,11-8,0.579,+6,246,4.409999999999999,251,32.300000000000004,309,75.5,116,21.69,2.6799999999999997,256,33.09,256,33.11,0.4599999999999991,0.54
Georgia St,Sun Belt,13-11,0.5419999999999999,-2,247,4.379999999999999,248,32.480000000000004,221,81.19,249,16.18,2.66,263,32.69,265,32.69,-8.881784197001252e-16,-4.440892098500626e-16
New Mexico St,Western Athletic,9-12,0.42900000000000005,+3,248,4.35,245,32.79,272,78.62,178,19.060000000000002,2.74,254,33.25,254,33.25,-8.881784197001252e-16,0
Brown,Ivy League,0-0,-1.1102230246251565e-16,,249,4.34,249,32.43,194,82.83,276,14.500000000000002,2.6799999999999997,266,32.43,269,32.43000000000001,0,0
Alabama A&M,Southwestern AC,10-7,0.5880000000000001,-2,250,4.33,247,32.69,262,78.99,189,18.59,2.76,312,28.98,314,28.980000000000004,0,0
MA Lowell,America East,12-9,0.5710000000000001,+2,251,4.279999999999999,253,31.799999999999997,304,76.47999999999999,151,20.21,2.8,264,32.53,266,32.53,0,0
SE Louisiana,Southland,11-8,0.579,-5,252,4.279999999999999,246,32.74,241,80.24000000000001,224,17.39,2.6900000000000004,324,27.27,325,27.27,0,0
Campbell,Big South,16-7,0.696,-3,253,4.279999999999999,252,32.04,332,73.38,87,23.56,2.7700000000000014,348,25.45,349,25.45,0,0
Navy,Patriot League,5-7,0.41700000000000004,+2,254,4.26,255,31.64,301,76.92,164,19.61,2.68,246,33.78,246,33.78,0,0
Army,Patriot League,9-11,0.44999999999999984,+3,255,4.24,257,31.229999999999997,265,78.78,226,17.34,2.5700000000000003,249,33.49,249,33.489999999999995,0,0
Wofford,Southern,13-11,0.5419999999999999,+1,256,4.24,258,31.22,252,79.77,240,16.34,2.790000000000001,289,30.49,293,30.49,0,0
UC San Diego,Big West,6-9,0.40000000000000013,+4,257,4.2299999999999995,270,29.780000000000005,239,80.36999999999999,280,14.299999999999999,2.629999999999999,214,35.620000000000005,215,35.62,0,0
Ga Southern,Sun Belt,11-13,0.458,,259,4.210000000000001,250,32.32,126,87.02,338,10.18,2.8499999999999996,303,29.86,306,29.860000000000003,0,0
E Kentucky,OH Valley,9-15,0.375,-4,258,4.21,271,29.65,215,81.63,305,12.909999999999998,2.5699999999999994,153,39.11,158,39.11,0,0
Lipscomb,Atlantic Sun,12-10,0.5449999999999999,+4,260,4.19,272,29.51,249,79.82000000000001,273,14.58,2.83,248,33.62,248,33.62,0,0
North Dakota,Summit Lg,2-19,0.09500000000000008,+2,261,4.18,235,33.59,147,85.48,301,13,2.7799999999999994,117,41.92,118,41.92,0,0
Bethune-Cookman,Mid-Eastern AC,0-0,0,+4,262,4.16,261,30.93,261,79.04,233,16.779999999999998,2.69,284,30.93,288,30.929999999999996,0,0
Lamar,Southland,10-14,0.41700000000000004,-4,264,4.16,260,31.09,248,79.82,250,16.16,2.7199999999999998,194,36.67,195,36.67,0,0
Indiana St,Missouri Val,5-15,0.2499999999999999,-8,263,4.159999999999998,273,29.500000000000004,198,82.6,323,11.79,2.62,130,41.080000000000005,129,41.08,0,0
Stetson,Atlantic Sun,10-14,0.41700000000000004,+5,265,4.15,256,31.360000000000003,302,76.86,169,19.4,2.5900000000000003,269,32.239999999999995,267,32.470000000000006,0.2999999999999998,0.7000000000000002
Southern Miss,Conference USA,7-12,0.368,+1,266,4.149999999999999,263,30.42,217,81.33,285,13.98,2.5800000000000005,234,34.51,234,34.51,0,-8.881784197001252e-16
South Alabama,Sun Belt,13-13,0.49999999999999994,-2,267,4.129999999999999,266,30.23,292,77.24,214,17.880000000000003,2.7499999999999996,291,30.46,295,30.46,0,0
Cent Arkansas,Southland,13-14,0.481,-6,268,4.119999999999999,267,30.21,338,72.57,103,22.540000000000003,2.6300000000000003,232,34.65,232,34.65,0,-4.440892098500626e-16
Morgan St,Mid-Eastern AC,12-4,0.7500000000000001,-1,269,4.109999999999999,281,28.72,278,78.1,260,15.509999999999998,2.63,342,26.05,344,26.05,0,0
Furman,Southern,11-14,0.44,-1,270,4.080000000000001,269,29.869999999999997,296,77.2,221,17.57,2.67,276,31.630000000000003,280,31.630000000000003,0,-1.7763568394002505e-15
St Francis PA,Northeast,14-9,0.6090000000000001,,271,4.07,277,29.109999999999996,263,78.85,266,15.150000000000002,2.6799999999999997,296,30.330000000000002,299,30.33,0,0
North Alabama,Atlantic Sun,7-18,0.27999999999999997,+1,272,4.0200000000000005,262,30.790000000000003,129,86.74000000000001,346,8.94,2.57,186,37.29,187,37.29,0,0
Utah St,Mountain West,4-20,0.16700000000000004,+1,273,4.01,287,27.810000000000002,206,82.31,336,10.4,2.5599999999999987,127,41.209999999999994,126,41.21,0,0
UNC Wilmington,Colonial,7-14,0.33299999999999996,+6,274,4.01,274,29.410000000000004,282,78.01,243,16.3,2.5700000000000003,228,34.87,228,34.87,0,0
Seattle,Western Athletic,11-14,0.43999999999999995,+1,275,3.9999999999999996,268,29.88,212,81.92999999999999,306,12.84,2.7600000000000007,297,30.3,300,30.299999999999997,0,-8.881784197001252e-16
Col Charleston,Colonial,6-9,0.39999999999999997,+2,276,3.999999999999999,275,29.29,220,81.23,304,12.95,2.7899999999999996,240,34.18,239,34.18,0,0
Arkansas St,Sun Belt,9-12,0.4289999999999998,-5,277,3.9999999999999982,264,30.41,223,81.06,283,14.24,2.65,350,24.29,351,24.29,0,0
Vermont,America East,4-2,0.667,-3,278,3.9699999999999998,279,28.790000000000003,300,76.92999999999999,234,16.75,2.66,337,26.62,339,26.619999999999997,-8.881784197001252e-16,0
CS Fullerton,Big West,4-18,0.182,+4,279,3.9000000000000004,265,30.3,283,78,228,17.200000000000003,2.5700000000000003,193,36.79,193,36.79,0,0
Morehead St,OH Valley,7-16,0.30400000000000005,-3,280,3.9000000000000004,280,28.72,289,77.30000000000001,242,16.31,2.58,237,34.22,237,34.22,0,0
Grambling,Southwestern AC,10-10,0.5,,281,3.9000000000000004,282,28.220000000000002,274,78.56,274,14.549999999999999,2.67,301,30.049999999999997,304,30.049999999999997,0,0
Longwood,Big South,14-11,0.5599999999999999,,282,3.88,278,28.889999999999997,157,84.86,347,8.93,2.8299999999999996,330,27.02,331,27.020000000000003,-8.881784197001252e-16,-4.440892098500626e-16
F Dickinson,Northeast,16-8,0.667,+1,283,3.87,291,27.269999999999996,321,74.05999999999999,207,18.11,2.65,334,26.67,336,26.669999999999998,-8.881784197001252e-16,0
Wagner,Northeast,13-6,0.6839999999999999,-5,284,3.869999999999999,298,26.42,324,73.83,222,17.48,2.71,327,27.2,328,27.2,0,0
Presbyterian,Big South,11-10,0.5239999999999999,,285,3.830000000000001,276,29.240000000000002,305,76.34,215,17.799999999999997,2.63,329,27.11,330,27.11,0,0
SUNY Albany,America East,7-11,0.389,+1,286,3.8000000000000007,297,26.5,349,70.25,128,21.15,2.68,235,34.42,235,34.42,0,0
St Peter's,Metro Atlantic,13-15,0.46399999999999997,+3,287,3.7699999999999996,295,26.669999999999995,266,78.73,308,12.829999999999998,2.6799999999999997,282,30.97,287,30.97,0,0
UNC Greensboro,Southern,8-16,0.333,,288,3.74,285,27.990000000000002,348,70.47,105,22.41,2.59,277,31.59,281,31.59,0,0
Gardner Webb,Big South,11-13,0.45799999999999996,,289,3.7399999999999998,290,27.53,247,79.97,315,12.450000000000003,2.65,299,30.08,302,30.080000000000002,0,0
E Washington,Big Sky,6-17,0.261,+1,290,3.7299999999999986,293,27.02,259,79.28,310,12.63,2.58,229,34.8,229,34.8,0,0
Evansville,Missouri Val,6-17,0.261,-5,291,3.7199999999999998,305,25.439999999999998,310,75.35000000000001,267,14.979999999999999,2.55,152,39.349999999999994,157,39.35,0,0
George Mason,Atlantic 10,3-19,0.136,,292,3.6900000000000004,289,27.64,323,73.96,192,18.57,2.6099999999999994,175,38.169999999999995,175,38.169999999999995,0,-4.440892098500626e-16
Norfolk St,Mid-Eastern AC,5-9,0.357,+1,293,3.6500000000000004,288,27.650000000000002,327,73.66,184,18.89,2.6999999999999993,319,28.33,319,28.33,0,-4.440892098500626e-16
Kennesaw,Atlantic Sun,7-12,0.368,-1,294,3.6500000000000004,284,28.009999999999998,257,79.28999999999999,296,13.61,2.71,328,27.14,329,27.14,0,0
CS Sacramento,Big Sky,3-22,0.11999999999999988,,295,3.6400000000000006,286,27.98,188,83.12,340,9.75,2.57,191,36.93,191,36.93,0,0
Siena,Metro Atlantic,4-9,0.308,+2,296,3.56,304,25.49,303,76.66999999999999,295,13.71,2.5699999999999994,272,31.86,275,31.86,0,0
Nicholls St,Southland,11-14,0.43999999999999995,-1,297,3.5599999999999987,309,25.09,286,77.61,316,12.370000000000001,2.7300000000000004,311,28.99,313,28.989999999999995,0,-8.881784197001252e-16
UTRGV,Western Athletic,6-14,0.2999999999999998,+1,298,3.549999999999999,306,25.400000000000002,275,78.53,324,11.77,2.6399999999999997,259,32.87,260,32.87,0,0
Rider,Metro Atlantic,8-18,0.308,+2,299,3.54,292,27.029999999999998,326,73.77,205,18.15,2.459999999999999,293,30.42,297,30.419999999999998,0,0
ETSU,Southern,5-16,0.238,-3,300,3.53,294,26.849999999999998,293,77.24,277,14.5,2.54,271,31.9,274,31.9,0,0
IL Chicago,Horizon,3-16,0.15799999999999992,+2,301,3.51,303,25.519999999999996,284,77.88,313,12.53,2.6500000000000004,219,35.58,219,35.58,0,0
Bellarmine,Atlantic Sun,5-17,0.227,-2,302,3.5,326,23.46,246,79.98,348,8.37,2.62,202,36.33,204,36.330000000000005,0,-5.551115123125783e-17
Sacred Heart,Northeast,8-10,0.44399999999999995,-1,303,3.49,307,25.27,295,77.19999999999999,302,12.96,2.6300000000000003,317,28.470000000000002,318,28.47,-8.881784197001252e-16,0
Detroit,Horizon,1-13,0.07100000000000006,+8,304,3.46,296,26.55,279,78.1,298,13.35,2.4799999999999995,150,39.519999999999996,154,39.52,0,0
Iona,Metro Atlantic,6-9,0.3999999999999999,+3,305,3.45,300,25.78,342,72.10000000000001,191,18.57,2.65,333,26.73,335,26.729999999999997,-4.440892098500626e-16,0
Niagara,Metro Atlantic,5-7,0.41700000000000004,+5,306,3.44,317,24.38,250,79.82,343,9.459999999999999,2.67,321,27.879999999999995,321,27.88,0,0
Tarleton St,Western Athletic,8-16,0.33299999999999996,,307,3.44,311,24.89,320,74.13,259,15.66,2.72,325,27.26,326,27.259999999999998,0,0
TX Southern,Southwestern AC,5-10,0.3330000000000001,-3,308,3.43,308,25.240000000000002,273,78.57000000000001,326,11.559999999999999,2.5699999999999994,302,29.94,305,29.939999999999998,0,0
Radford,Big South,9-11,0.45,-3,309,3.4299999999999997,310,24.900000000000002,294,77.22999999999999,312,12.56,2.629999999999999,326,27.24,327,27.240000000000002,0,0
Jacksonville,Atlantic Sun,4-17,0.18999999999999995,+3,310,3.410000000000001,299,25.82,299,76.96,293,13.74,2.54,227,34.91,227,34.910000000000004,0,0
Colgate,Patriot League,1-8,0.11099999999999999,-1,311,3.41,301,25.69,268,78.71,322,11.88,2.42,243,33.97,243,33.97,0,0
Loyola MD,Patriot League,0-13,0,+2,312,3.3899999999999997,283,28.089999999999996,318,74.44,195,18.54,2.51,183,37.73,184,37.730000000000004,0,0
Houston Bap,Southland,11-11,0.5,-9,313,3.3899999999999997,312,24.849999999999998,306,75.91,290,13.84,2.8000000000000003,354,21.87,354,21.869999999999997,-2.220446049250313e-16,0
Binghamton,America East,5-11,0.31300000000000006,+2,314,3.3600000000000003,302,25.65,325,73.82,236,16.72,2.47,316,28.65,317,28.65,0,0
Incarnate Word,Southland,6-9,0.3999999999999999,-6,315,3.35,318,24.25,319,74.22,268,14.92,2.5700000000000003,314,28.85,316,28.85,0,0
SIUE,OH Valley,6-19,0.24,-1,316,3.33,321,23.88,322,73.99000000000001,269,14.77,2.5700000000000003,267,32.419999999999995,270,32.42,0,-4.440892098500626e-16
UMBC,America East,2-6,0.25,+2,317,3.280000000000001,319,24.24,312,75.17999999999999,287,13.959999999999999,2.6999999999999993,310,29,312,29,-8.881784197001252e-16,0
Alcorn St,Southwestern AC,7-13,0.35,-1,318,3.2800000000000002,329,22.689999999999998,311,75.26,317,12.33,2.8099999999999996,288,30.559999999999995,292,30.56,0,0
MD E Shore,Mid-Eastern AC,0-0,0,+2,319,3.2700000000000005,325,23.559999999999995,316,74.66,291,13.79,2.6799999999999997,352,23.56,353,23.56,0,0
LIU Brooklyn,Northeast,7-11,0.389,,320,3.2700000000000005,322,23.85,331,73.52000000000001,265,15.219999999999999,2.59,344,25.83,346,25.830000000000002,0,0
Merrimack,Northeast,5-10,0.3330000000000001,+1,321,3.2600000000000002,313,24.69,271,78.67,332,10.91,2.6399999999999997,341,26.159999999999997,343,26.159999999999997,0,0
NC Central,Mid-Eastern AC,4-12,0.25,+1,322,3.2500000000000004,331,22.18,256,79.49,352,7.579999999999999,2.66,257,33.06,257,33.06,0,0
Weber St,Big Sky,2-20,0.09100000000000003,+1,323,3.2499999999999996,315,24.509999999999998,251,79.78,341,9.620000000000001,2.73,190,36.93,190,36.93,0,0
TAM C. Christi,Southland,6-13,0.316,-6,324,3.2299999999999986,320,24.010000000000005,329,73.59,263,15.309999999999999,2.58,320,27.98,320,27.98,0,0
Coastal Car,Sun Belt,3-15,0.16699999999999998,,325,3.2,314,24.580000000000005,218,81.3,350,8.17,2.51,268,32.25,271,32.25,0,-8.881784197001252e-16
New Hampshire,America East,5-15,0.25,,326,3.17,330,22.189999999999998,335,73.19,289,13.9,2.72,278,31.509999999999998,282,31.509999999999998,0,0
PFW,Horizon,1-22,0.04299999999999993,+4,327,3.16,324,23.69,307,75.76,307,12.83,2.549999999999999,147,39.58,151,39.58,0,0
UNC Asheville,Big South,10-15,0.3999999999999999,-1,328,3.1500000000000004,333,22.04,313,74.97999999999999,321,11.950000000000001,2.59,336,26.65,338,26.65,-8.881784197001252e-16,0
NJIT,America East,4-14,0.2220000000000001,-1,329,3.1399999999999997,323,23.77,315,74.7,288,13.96,2.6999999999999997,305,29.58,309,29.58,0,0
St Francis NY,Northeast,4-10,0.28600000000000003,-1,330,3.130000000000001,316,24.39,264,78.82,334,10.459999999999999,2.6599999999999997,343,25.979999999999997,345,25.979999999999997,0,0
W Carolina,Southern,6-18,0.25,-1,331,3.0999999999999996,334,21.779999999999998,343,72.02,271,14.650000000000002,2.5700000000000003,292,30.43,296,30.43,0,0
Hartford,America East,3-9,0.2499999999999999,+1,332,3.0599999999999996,337,21.04,344,71.47,278,14.46,2.58,304,29.68,308,29.68,0,0
Florida A&M,Mid-Eastern AC,0-0,0,-1,333,3.0500000000000003,335,21.740000000000002,317,74.51,320,12.120000000000001,2.6799999999999997,355,21.740000000000002,355,21.740000000000002,0,0
SC Upstate,Big South,8-15,0.3480000000000001,,334,3.01,339,20.67,346,71.06,275,14.5,2.5900000000000003,335,26.67,337,26.669999999999998,0,0
UT San Antonio,Conference USA,2-18,0.09999999999999998,,335,2.9899999999999993,328,22.759999999999998,290,77.27999999999999,337,10.37,2.669999999999999,251,33.459999999999994,251,33.459999999999994,0,0
Bryant,Northeast,7-14,0.333,,336,2.95,345,18.96,339,72.4,328,11.450000000000001,2.6500000000000004,322,27.610000000000003,322,27.61,0,0
Monmouth NJ,Metro Atlantic,2-16,0.11099999999999999,+2,337,2.9399999999999995,332,22.13,351,68.36,187,18.66,2.51,258,32.989999999999995,259,32.989999999999995,0,0
Hampton,Big South,4-11,0.267,,338,2.929999999999999,327,22.94,330,73.54,281,14.279999999999998,2.549999999999999,323,27.360000000000003,324,27.360000000000003,0,0
New Orleans,Southland,6-15,0.2859999999999999,-2,339,2.87,341,19.88,336,72.64,319,12.14,2.51,286,30.69,291,30.69,0,0
Delaware St,Mid-Eastern AC,3-12,0.2,+2,340,2.789999999999999,336,21.59,314,74.8,325,11.679999999999998,2.6000000000000005,340,26.27,342,26.269999999999996,0,0
Ark Pine Bluff,Southwestern AC,3-18,0.14300000000000002,-1,341,2.7699999999999996,344,19.270000000000003,267,78.72,354,5.44,2.6199999999999997,253,33.28,253,33.28,-8.881784197001252e-16,0
Central Conn,Northeast,4-14,0.2220000000000001,+1,342,2.76,342,19.75,308,75.52000000000001,344,9.129999999999999,2.6299999999999994,339,26.29,341,26.29,0,0
Canisius,Metro Atlantic,0-5,-5.551115123125783e-17,+2,343,2.75,340,20.1,328,73.6,330,11.380000000000003,2.629999999999999,185,37.62,185,37.62,0,0
ULM,Sun Belt,3-20,0.12999999999999995,-3,344,2.7399999999999993,343,19.740000000000002,345,71.28,299,13.35,2.69,265,32.46,268,32.46,0,-8.881784197001252e-16
Prairie View,Southwestern AC,3-13,0.18799999999999994,-1,345,2.7,338,21.03,333,73.28999999999999,311,12.629999999999999,2.6000000000000005,346,25.71,348,25.71,0,-2.220446049250313e-16
Charleston So,Big South,6-17,0.261,,346,2.6499999999999986,349,17.3,341,72.14999999999999,339,10.03,2.67,345,25.779999999999998,347,25.78,0,0
Winthrop,Big South,6-18,0.25,+1,347,2.63,347,17.45,353,67.57,270,14.769999999999998,2.5700000000000003,338,26.45,340,26.45,0,0
McNeese St,Southland,6-16,0.273,-1,348,2.6000000000000005,348,17.39,334,73.27000000000001,345,9.01,2.709999999999999,309,29.21,311,29.21,-1.7763568394002505e-15,0
MS Valley St,Southwestern AC,4-16,0.19999999999999996,,349,2.5199999999999996,352,15.97,337,72.61,349,8.25,2.5700000000000003,290,30.479999999999997,294,30.479999999999997,0,0
Coppin St,Mid-Eastern AC,2-13,0.133,,350,2.4899999999999984,351,16.63,352,68.08999999999999,297,13.43,2.4599999999999995,308,29.290000000000003,310,29.29,0,0
Dixie St,Western Athletic,1-2,0.3330000000000001,,351,2.4499999999999993,350,16.869999999999997,340,72.15,342,9.610000000000001,2.7399999999999993,351,23.58,352,23.58,-8.881784197001252e-16,0
Tennessee St,OH Valley,0-22,0,,352,2.2800000000000002,346,17.47,347,71.03999999999999,331,11.33,2.5599999999999987,220,35.400000000000006,220,35.400000000000006,0,0
Chicago St,Western Athletic,0-14,0,,353,2.0999999999999996,353,15.690000000000001,350,70.14,335,10.440000000000001,2.5,242,34.019999999999996,242,34.02,0,0
S Carolina St,Mid-Eastern AC,1-9,0.1,,354,1.6899999999999995,354,9.159999999999998,354,66.89,353,7.159999999999999,2.6400000000000006,273,31.75,277,31.750000000000004,0,0
Northwestern LA,Southland,1-19,0.050000000000000044,,355,1.3199999999999994,355,7.1499999999999995,355,66.76,355,5.279999999999999,2.5500000000000007,279,31.429999999999996,283,31.43,0,-1.1102230246251565e-16
